21     0  89482  1095   67  420   120    92    15 
20     7  89005  1139   60  362   138    40    29 
20    20  88282  1204   50  387   129    59    26 
20    28  87861  1244   46  397   125    60    26 
20    45  86986  1325   37  418   117    83    26 
20   105  85891  1428   27  440   110    65    16 
20   121  85123  1500   20  457   104    70    19 
10   123  85000  1512   19  460   103    70    20 
20   203  82901  1714    0  504    90   180    29 
20   205  82763  1727   -1  507    89   185    30 
20   220  82001  1800   -8  527    84   179    14 
20   245  80633  1934  -22  564    75   109    17 
20   311  78968  2100  -37  610    64   136    31 
20   325  78244  2172  -43  633    59   153    26 
20   355  76772  2322  -56  668    52   179    28 
20   514  72790  2738  -71  471    93   241    92 
20   529  72108  2811  -70  449    99   250   111 
20   543  71538  2873  -71  467    94   256   127 
10   615  70000  3043  -39  425   108   273   150 
20   621  69732  3074  -39  411   112   275   151 
20   645  68604  3202  -44  360   127   279   174 
20   705  67608  3317  -47  314   143   273   217 
20   717  67080  3379  -49  306   146   274   225 
20   745  65870  3522  -56  338   133   279   234 
20   805  65015  3624  -64  355   127   279   216 
20   824  64302  3710  -70  363   124   278   212 
20   845  63357  3823  -74  344   129   276   210 
20   917  61972  3997  -81  279   152   271   225 
20   925  61636  4039  -84  283   150   270   230 
20   953  60378  4200  -92  323   134   273   250 
20   957  60206  4222  -94  326   133   274   251 
20  1037  58461  4447  -99  150   216   281   299 
20  1105  57281  4605 -106  158   192   283   352 
20  1125  56540  4705 -113  124   214   283   377 
20  1145  55859  4798 -121  100   232   281   375 
20  1225  54432  4995 -136   72   260   284   387 
20  1305  52862  5217 -146   13   401   287   365 
20  1318  52448  5276 -151   12   402   286   364 
20  1325  52192  5312 -154   12   400   286   363 
20  1345  51491  5415 -163   11   406   284   374 
20  1405  50833  5512 -171   11   403   283   369 
10  1436  50000  5635 -179   11   404   282   375 
20  1525  48491  5863 -198   11   399   283   386 
20  1532  48252  5901 -200   11   398   283   385 
20  1605  47231  6057 -213   11   394   286   381 
20  1625  46602  6156 -218   11   393   283   379 
20  1645  46023  6249 -223   11   391   282   406 
20  1720  45070  6402 -235   11   387   280   412 
20  1725  44947  6422 -237   11   386   280   414 
20  1825  43551  6652 -250   11   384   282   411 
20  1853  42857  6768 -247   10   387   282   423 
20  1905  42593  6813 -244   11   387   282   438 
20  1925  42152  6889 -247   11   385   281   447 
20  2005  41286  7040 -256   11   381   280   439 
10  2101  40000  7268 -272   11   377   281   431 
20  2105  39894  7287 -273   11   377   281   431 
20  2107  39838  7298 -274   11   376   281   432 
20  2134  39138  7425 -283   11   373   279   454 
20  2145  38856  7477 -286   11   373   278   462 
20  2201  38454  7551 -289   11   372   278   476 
20  2245  37505  7729 -301   11   368   281   491 
20  2308  37027  7820 -309   11   365   281   495 
20  2345  36265  7967 -322   15   340   280   503 
20  2402  35889  8041 -328   16   334   280   500 
20  2425  35398  8137 -334   13   345   279   492 
20  2505  34464  8324 -345   17   327   278   515 
20  2745  30852  9092 -383  185   142   271   648 
20  2804  30498  9171 -389  190   139   270   648 
20  2817  30240  9230 -393  190   139   270   653 
10  2830  30000  9284 -397  187   139   270   656 
20  2925  28991  9517 -413  164   148   270   667 
20  2938  28762  9571 -419  163   148   270   666 
20  3059  27302  9921 -452  191   132   270   657 
20  3105  27189  9949 -454  182   135   270   655 
20  3125  26843 10034 -461  164   142   271   661 
20  3206  26129 10213 -473  141   151   270   658 
10  3312  25000 10503 -497  182   130   270   670 
20  3353  24329 10680 -510  221   115   268   677 
20  3434  23696 10851 -520  203   120   267   679 
20  3505  23213 10984 -527  211   116   265   685 
20  3527  22872 11080 -534  226   111   265   682 
20  3545  22586 11160 -540  224   111   264   678 
20  3645  21594 11447 -558  185   122   268   651 
20  3725  21004 11623 -568  166   128   267   665 
20  3727  20973 11633 -568  164   129   267   666 
20  3805  20437 11796 -570  144   138   268   672 
22  3834  20023 11926 -575  136   141   267   650 
10  3836  20000 11933 -575  136   141   267   649 
20  3905  19621 12054 -575  126   146   265   629 
20  3916  19476 12100 -576  122   148   265   636 
20  3928  19313 12153 -577  123   147   265   644 
20  3945  19089 12227 -576  114   152   265   653 
20  4021  18630 12381 -573   97   163   264   629 
20  4025  18586 12395 -574   96   164   263   626 
20  4048  18302 12493 -575   87   170   261   627 
20  4105  18085 12568 -574   78   177   259   614 
20  4145  17628 12730 -560   64   192   259   651 
20  4209  17366 12826 -552   59   199   258   646 
20  4345  16277 13237 -575   37   223   261   635 
10  4535  15000 13749 -602   22   247   273   613 
20  4605  14673 13887 -607   22   246   274   590 
20  4624  14475 13971 -609   20   252   274   569 
20  4639  14302 14045 -608   19   256   272   549 
20  4731  13787 14274 -597   18   262   266   495 
20  4745  13654 14335 -597   16   266   266   481 
20  4854  12998 14642 -602   12   285   269   454 
20  4945  12515 14878 -612   12   281   271   446 
20  5025  12170 15051 -621   12   279   269   446 
20  5105  11825 15228 -626   12   278   271   433 
20  5133  11587 15353 -631   12   278   266   422 
20  5145  11493 15404 -631   11   279   265   422 
20  5148  11466 15418 -631   11   280   265   419 
20  5213  11271 15523 -629   11   278   266   398 
20  5225  11177 15575 -632   12   277   266   389 
20  5229  11145 15592 -633   12   276   266   389 
20  5416  10251 16103 -659   12   267   268   346 
22  5441  10050 16224 -663   12   268   269   343 
10  5448  10000 16254 -663   12   269   270   342 
20  5509   9826 16360 -658   11   273   269   335 
20  5525   9703 16436 -654   11   274   268   332 
20  5602   9432 16609 -649   11   275   275   315 
20  5625   9270 16714 -650   12   272   276   291 
20  5705   9002 16893 -657   12   270   275   250 
20  5709   8975 16911 -658   12   269   275   253 
20  5745   8746 17068 -661   12   270   275   281 
20  5749   8719 17087 -661   12   270   275   278 
20  5910   8205 17456 -650   11   274   266   218 
20  5945   7986 17621 -653   12   271   265   210 
20  6005   7860 17717 -656   12   271   268   208 
20  6019   7774 17784 -656   12   271   269   215 
20  6025   7737 17813 -656   12   271   270   219 
20  6045   7615 17909 -655   11   272   272   192 
20  6105   7494 18007 -652   11   274   269   172 
20  6142   7279 18184 -646   11   276   256   196 
20  6145   7265 18196 -646   11   276   256   199 
20  6211   7115 18324 -645   11   274   264   194 
10  6231   7000 18423 -647   12   273   274   190 
20  6238   6961 18456 -648   12   273   277   187 
20  6245   6922 18491 -648   12   273   279   185 
20  6325   6689 18700 -642   11   276   295   151 
20  6347   6562 18818 -641   11   276   287   128 
20  6425   6357 19012 -647   12   272   260   121 
20  6428   6342 19026 -647   12   272   259   124 
20  6443   6259 19106 -650   12   271   252   142 
20  6505   6147 19217 -646   11   275   245   167 
20  6525   6046 19317 -642   12   275   246   174 
20  6625   5761 19613 -629   10   283   267   145 
20  6725   5493 19908 -607   10   289   304   113 
20  6757   5356 20067 -594   10   295   287    93 
20  6805   5319 20110 -590   10   295   282    94 
20  6838   5181 20276 -581   11   294   287    72 
10  6921   5000 20498 -588   11   288   340    46 
20  6925   4982 20522 -589   12   288   350    46 
20  6945   4898 20628 -594   12   285    20    46 
20  7025   4733 20841 -604   12   283   358    14 
20  7045   4653 20948 -605   11   284   329    17 
20  7125   4497 21161 -595   10   292   268    29 
20  7205   4349 21371 -579   10   296   316    71 
20  7225   4276 21477 -576   10   297   343    47 
20  7236   4237 21535 -575   11   296   348    47 
20  7305   4135 21688 -574   11   296   360    41 
20  7325   4066 21796 -572   11   297    16    58 
20  7345   4000 21898 -570   11   296    20    70 
20  7405   3934 22004 -569   11   296    16    70 
20  7412   3910 22043 -569   11   296    20    66 
20  7525   3680 22426 -576   11   292   360    11 
20  7545   3621 22528 -577   11   292    35    26 
20  7612   3539 22671 -579   12   290    57    52 
20  7625   3500 22741 -581   12   290    62    64 
20  7645   3440 22851 -583   12   289    70    60 
20  7725   3318 23077 -586   12   289    38    41 
20  7745   3262 23184 -586   11   290   345    23 
20  7801   3217 23271 -587   11   290   321    33 
20  7805   3205 23296 -587   11   290   317    36 
20  7825   3148 23407 -583   11   293   348    32 
20  7839   3110 23483 -579   10   296    29    25 
20  7845   3093 23519 -577   11   296    55    21 
20  7905   3038 23631 -572   11   296    34    27 
10  7919   3000 23712 -568   11   298    38    36 
20  7925   2986 23742 -567   11   299    39    39 
20  7945   2933 23855 -566   11   299    78    38 
20  8005   2882 23967 -565   11   297    45    26 
20  8015   2856 24025 -565   11   297    23    33 
20  8025   2831 24078 -565   11   297     9    41 
20  8105   2732 24306 -564   11   298    59    60 
20  8125   2684 24417 -564   11   296    62    55 
20  8133   2665 24462 -564   11   296    69    56 
20  8149   2627 24552 -563   11   297    81    59 
20  8205   2591 24642 -563   11   298    92    61 
20  8245   2501 24865 -559   11   300   112    57 
20  8325   2412 25097 -553   10   303    76    73 
20  8345   2367 25217 -548   10   306    79    85 
20  8414   2305 25385 -539   10   309   105    69 
20  8445   2239 25573 -533   10   310   134    64 
20  8525   2157 25814 -527   10   312   100    52 
20  8605   2077 26058 -523   10   310    42    66 
20  8619   2050 26142 -523   11   310    48    53 
10  8646   2000 26302 -524   10   310    72    33 
20  8705   1965 26418 -524   11   309    75    32 
20  8800   1867 26747 -528   11   306    39    57 
20  8825   1824 26895 -530   11   306    28    69 
20  8833   1811 26945 -530   11   307    28    66 
20  8845   1791 27014 -530   11   308    28    63 
20  8925   1723 27262 -526   11   309    45    84 
20  8941   1698 27357 -525   11   309    43    97 
20  9005   1658 27511 -526   11   307    38   101 
20  9036   1610 27703 -529   11   306    43    92 
20  9105   1564 27890 -527   10   310    54    78 
20  9125   1533 28020 -523   10   312    43    60 
20  9136   1516 28090 -520   10   312    38    62 
20  9205   1474 28274 -515   10   314    25    74 
20  9245   1417 28527 -512   10   315     5    59 
20  9250   1411 28557 -512   10   315     9    64 
20  9324   1364 28775 -510   10   314    19   101 
20  9345   1336 28910 -507   10   316    25   113 
20  9351   1329 28945 -507   10   317    26   110 
20  9405   1311 29034 -506   10   317    28   102 
20  9444   1262 29283 -504   10   315    31   112 
20  9445   1260 29293 -504   10   316    31   112 
20  9524   1212 29544 -500   10   319    59    79 
20  9545   1188 29678 -498   10   318    72    75 
20  9611   1159 29840 -497   11   315    66    77 
20  9618   1151 29883 -498   11   315    63    78 
20  9705   1100 30177 -500   11   315    32    85 
20  9725   1079 30305 -499   11   316    25    96 
20  9805   1038 30557 -494   10   319    50    86 
10  9843   1000 30804 -490   10   321    43    83 
20  9845    998 30817 -490   10   321    42    82 
20  9905    978 30948 -488   10   321    51    81 
20  9945    939 31214 -486   10   321    34   103 
20 10005    921 31344 -487   11   320    28   101 
20 10025    902 31481 -486   10   320    30    91 
20 10105    867 31744 -486   10   320    49    88 
20 10125    849 31882 -485   11   319    36    82 
20 10127    847 31894 -485   11   319    35    83 
20 10147    830 32030 -485   11   319    22    91 
20 10221    807 32249 -486   10   320    20    93 
