21     0  97757   323  246  900    18   231    21 
20    20  96579   429  247  880    21   254    77 
20    33  95757   505  247  876    22   261    88 
20    51  94721   600  246  852    27   274   117 
10   132  92500   809  238  754    46   288   131 
20   150  91546   900  235  692    60   291   125 
20   221  90099  1040  225  668    65   298   114 
20   225  89903  1058  224  671    64   301   110 
20   254  88450  1200  215  698    57   289   118 
10   401  85000  1544  190  756    44   280   152 
20   434  83348  1713  175  827    30   276   155 
20   550  79645  2100  161  402   135   270   148 
20   645  77145  2370  142  307   170   261   150 
20   849  72009  2948  115  215   212   276   175 
10   936  70000  3184  100  323   158   289   217 
20  1009  68584  3352   85  364   140   285   218 
20  1144  64891  3808   52  313   156   283   223 
20  1251  62200  4151   22  675    54   281   244 
20  1301  61826  4200   18  667    55   283   242 
20  1404  59541  4503    0  396   121   292   239 
20  1645  54701  5177  -32  156   224   307   190 
10  1920  50000  5880  -89  161   210   302   196 
20  2125  46923  6368 -124  159   189   304   214 
20  2525  41174  7353 -196  135   193   291   170 
10  2621  40000  7567 -213  134   191   296   166 
20  2803  37870  7968 -240   88   224   297   200 
20  2856  36729  8191 -259  349   100   292   206 
20  3205  32864  8986 -318   93   205   304   210 
20  3352  30784  9445 -347   47   253   292   198 
10  3433  30000  9624 -363   56   237   292   212 
20  3645  27593 10198 -412  117   173   288   241 
20  3647  27558 10206 -413  118   173   288   240 
10  3934  25000 10863 -442   69   207   303   263 
20  4209  22509 11562 -469   43   234   317   429 
20  4403  20896 12051 -505  319    88   316   510 
20  4405  20875 12057 -505  319    88   316   510 
10  4506  20000 12335 -525  267   100   319   459 
20  4658  18045 12991 -579  167   127   317   316 
20  4711  17793 13080 -583  225   106   315   304 
10  5122  15000 14142 -632  114   145   323   225 
20  5205  14527 14338 -643  112   145   328   228 
20  5425  13011 15006 -677  108   142   297   148 
22  5636  11748 15616 -705  111   137   323   192 
20  5705  11494 15746 -697  112   137   327   198 
20  5743  11177 15914 -687  113   138   342   184 
20  5805  11003 16007 -691  113   137   345   166 
20  5916  10461 16307 -704  110   137   324   159 
20  5925  10394 16346 -704  109   138   323   168 
20  5957  10152 16486 -699  102   142   331   159 
10  6017  10000 16576 -696  105   141   329   146 
20  6125   9491 16888 -675   94   151   348   138 
20  6144   9337 16986 -672   94   151     8   115 
20  6145   9328 16992 -672   94   151    10   114 
20  6245   8875 17292 -684   90   152    43    59 
20  6325   8609 17475 -681   80   159     5    53 
20  6345   8478 17566 -679   84   157   357    19 
20  6425   8225 17748 -689   86   154    30     4 
20  6505   7975 17932 -697   74   161   298    13 
20  6745   7006 18711 -663   72   168   340   139 
10  6746   7000 18716 -663   72   168   341   138 
20  6805   6893 18810 -658   69   171   356   129 
20  6825   6784 18907 -655   66   174     3   112 
20  7005   6315 19344 -626   46   200    70    44 
20  7025   6231 19427 -620   41   208    44    46 
20  7145   5865 19804 -601   27   236   151    63 
20  7227   5671 20014 -597   21   252    74    37 
20  7325   5404 20316 -593   22   251    61    51 
20  7345   5320 20413 -593   23   248    83    49 
20  7445   5079 20703 -599   23   246    39    45 
10  7505   5000 20801 -598   23   247    45    47 
20  7603   4766 21100 -588   23   248    72    67 
20  7605   4759 21110 -588   23   248    73    68 
20  7645   4601 21323 -592   24   246    58    68 
20  7725   4442 21542 -596   24   244    63   112 
20  7845   4150 21967 -605   27   236    98    59 
20  7858   4104 22035 -605   26   237    86    50 
20  7905   4080 22072 -605   26   238    78    46 
20  8005   3873 22398 -598   26   239    68    78 
20  8205   3488 23052 -584   24   247    87   123 
20  8245   3377 23255 -574   23   251    91   101 
20  8345   3208 23580 -553   24   254    42    79 
10  8501   3000 24009 -549   25   252    61   118 
20  8525   2937 24144 -548   26   251    73   123 
20  8605   2838 24365 -542   26   252    57   111 
20  8745   2618 24885 -521   25   259   103   146 
20  8929   2423 25386 -502   26   260   121   115 
20  8945   2390 25477 -502   26   260   124   108 
20  9145   2137 26204 -517   29   249   102    96 
20  9157   2114 26276 -517   30   249   100   115 
20  9205   2097 26326 -516   29   249    98   128 
10  9258   2000 26634 -506   28   256    91   123 
20  9345   1917 26910 -496   27   260    76    89 
20  9545   1716 27641 -468   28   264   112   126 
20  9705   1590 28148 -471   30   258    74   111 
20  9905   1438 28813 -443   27   272   100   132 
20 10005   1363 29172 -430   25   279    65   121 
20 10225   1189 30096 -418   27   277   111   149 
20 10325   1128 30456 -423   27   275    84   189 
20 10505   1034 31048 -405   27   280   119   162 
10 10538   1000 31273 -404   27   279   103   158 
20 10645    931 31763 -405   28   277    96   122 
20 10725    893 32047 -393   26   286    93   148 
20 10845    832 32533 -360   24   299    82    95 
20 10945    792 32875 -345   26   296    70   167 
20 10950    788 32906 -345   26   296    73   170 
10 11200    700 33736 -349   29   288   101   224 
20 11205    697 33769 -349   29   288   100   230 
20 11231    683 33919 -346   28   290   100   210 
